6.04813194020068460e-10 1.81723186016497163e-04 1.04387958066782410e-03 5.33648843407683125e-03 5.63891704750304132e-02 3.01662219573879675e-02 1.14984535052671744e+00 -1.68415138787946823e+01 
4.65873956678794594e-10 -5.31940412847826935e-05 -1.36649451537966754e-03 -6.32605132968456271e-03 4.25628957551013945e-02 3.67060719547969982e-02 1.17948784650050276e+00 -3.65637282818174896e+01 
-5.13130382329834546e-14 -2.13508625568627060e-07 -4.51420800235026076e-06 7.77568904260186877e-04 4.66670270118289265e-02 -2.43132563465240481e-01 -6.28018868347906323e-01 -1.52727762431716378e+01 
5.46983718632380749e-07 -4.20267457805364615e-05 -5.98417920049305690e-04 5.92800400138946294e-03 1.65559368484754499e-02 4.16842624804084905e-02 -7.06721373060381408e-01 -1.05748269575035074e+01 
1.04019334792533500e-09 1.38870078360206511e-04 -2.33285096133038772e-04 -3.58073841385587619e-03 -8.48523289468370856e-02 2.07450459446252289e-02 -1.54491863812996133e+00 -2.57018170792222058e+01 
-1.33741277267149205e-09 -9.58949971647432607e-05 1.04700639103346327e-03 4.23041559692612524e-03 -1.09789211768669431e-01 -4.14864160639280347e-02 1.15005763231484082e+00 -2.15084297895360059e+01 
-2.74483675876092368e-07 2.05404173219277538e-05 -2.25341330854778726e-03 8.56949430871782256e-03 -2.09837333742391337e-02 -8.65656515878187411e-04 2.66321648241773408e-02 -1.11191220482595894e-02 
-2.74690868120944558e-07 -1.02882648838513606e-04 1.05413265010282915e-03 3.20811201697805996e-03 5.43448611574109675e-02 8.42789305819114931e-02 -1.44080259762510310e+00 -2.11379237211410214e+01 
-1.41236126055692323e-09 -3.92383093055651997e-04 -1.64058113533778059e-03 -7.64217238022241001e-03 -1.07915243004981579e-02 -7.40517208163568152e-03 5.97509321795340442e-01 -1.40760107048351539e+01 
-1.08791001125823835e-09 1.14858444368008404e-04 2.14760894359117618e-03 9.05928596019675569e-03 -8.14550950069635633e-03 -9.01056750328668200e-03 6.12912843371093308e-01 -3.05596892540387799e+01 
1.19826333284880976e-13 4.61015331786410044e-07 7.09461572656563536e-06 -1.11352543479933085e-03 -8.93094102622342748e-03 5.96839230863104933e-02 -3.26345736780465911e-01 -1.27648715809401878e+01 
-1.27731772717595338e-06 9.07456272472210816e-05 9.40485060597587947e-04 -8.48925824704865016e-03 -3.16840615516678862e-03 -1.02326084187647666e-02 -3.67242958474500059e-01 -8.83836088173872447e+00 
-2.42906206846076971e-09 -2.99853156189501752e-04 3.66635323613166350e-04 5.12783275841665557e-03 1.62386848763652059e-02 -5.09247181428250546e-03 -8.02806470692047358e-01 -2.14813855182203319e+01 
3.12312960129067889e-09 2.07059849768697328e-04 -1.64549529037505480e-03 -6.05820955691505764e-03 2.10110015230454694e-02 1.01840412908744300e-02 5.97619632583824223e-01 -1.79765839425458829e+01 
6.40974956061875101e-07 -4.43515913302346997e-05 3.54150750008682975e-03 -1.22720312294437930e-02 4.01577939018535768e-03 2.12500440814969937e-04 1.38392234527421991e-02 -9.29327862721043667e-03 
6.41458791902446091e-07 2.22147832964746968e-04 -1.65669505556947667e-03 -4.59420934790249688e-03 -1.04002929081407573e-02 -2.06887022410983459e-02 -7.48703277839567694e-01 -1.76669177556183108e+01 
2.44842978326680987e-09 3.55945278881754585e-04 -3.15260529447377420e-04 -7.33470500136495975e-03 -6.15853386780687087e-02 -4.23528731906782779e-02 -2.92557314845007799e-01 -9.55071073609722276e+00 
1.88597021701689885e-09 -1.04192361332695665e-04 4.12692989099303098e-04 8.69480387710342383e-03 -4.64849957556648929e-02 -5.15347136617050894e-02 -3.00099310839009981e-01 -2.07350476190023052e+01 
-2.07727563356325245e-13 -4.18204131996595595e-07 1.36332928741269857e-06 -1.06872498674677224e-03 -5.09673158766309267e-02 3.41354069578671815e-01 1.59788021677611497e-01 -8.66109003534006128e+00 
2.21432210954233208e-06 -8.23187292456320274e-05 1.80727311654902209e-04 -8.14771007830817143e-03 -1.80815388727444890e-02 -5.85240102447537602e-02 1.79812447953467708e-01 -5.99691417780236158e+00 
4.21095372686578298e-09 2.72007936102151902e-04 7.04540871199273747e-05 4.92152475867432913e-03 9.26713298279111947e-02 -2.91256989844009065e-02 3.93076554354259478e-01 -1.45753298713133503e+01 
-5.41416969323204135e-09 -1.87831681016592522e-04 -3.16204852824909484e-04 -5.81446972478899711e-03 1.19906104895898771e-01 5.82462371712723220e-02 -2.92611326099560753e-01 -1.21972877726961482e+01 
-1.11117616758419872e-06 4.02329759469298895e-05 6.80550023080300293e-04 -1.17782908258461400e-02 2.29173494785678278e-02 1.21536733023653166e-03 -6.77607177861085097e-03 -6.30558031104317979e-03 
-1.11201493179796577e-06 -2.01518551020747914e-04 -3.18357043794820107e-04 -4.40937060888404227e-03 -5.93526496594552130e-02 -1.18326214818143136e-01 3.66586114376011574e-01 -1.19871762405217979e+01 
-2.32376095054284197e-09 3.84019248224629799e-04 1.12833988972048014e-03 2.10434220009884758e-03 -4.68431875244047086e-02 -4.09444148723567547e-02 -6.28989971075885390e-01 -7.78006764010582241e+00 
-1.78994062812913628e-09 -1.12410178315703311e-04 -1.47705760256438830e-03 -2.49455741120697266e-03 -3.53575285935579936e-02 -4.98209103073880971e-02 -6.45205049631125460e-01 -1.68908971755304691e+01 
1.97150518008643687e-13 -4.51188555944065394e-07 -4.87945262449581214e-06 3.06619433159587300e-04 -3.87668816389053900e-02 3.30002231023907522e-01 3.43539737458008143e-01 -7.05537715191317538e+00 
-2.10157354123207853e-06 -8.88113381332864671e-05 -6.46835920943314240e-04 2.33759505648336880e-03 -1.37532233211118040e-02 -5.65777756013648020e-02 3.86591688870450922e-01 -4.88512313108516505e+00 
-3.99654092672309148e-09 2.93461633937788509e-04 -2.52160195983320147e-04 -1.41199574305747415e-03 7.04878884235265873e-02 -2.81571145668380110e-02 8.45103499411316350e-01 -1.18731532562372468e+01 
5.13849169730269206e-09 -2.02646263952056295e-04 1.13171969034928945e-03 1.66818352078149231e-03 9.12032681401772211e-02 5.63092399601158658e-02 -6.29106093749000062e-01 -9.93598555327932154e+00 
1.05459744243138569e-06 4.34062146448983087e-05 -2.43573700563701895e-03 3.37921626367422307e-03 1.74314491440665797e-02 1.17494990168614394e-03 -1.45683631061986792e-02 -5.13656445950349486e-03 
1.05539349855681957e-06 -2.17412639126511262e-04 1.13942253512311245e-03 1.26505764668428879e-03 -4.51449542658477407e-02 -1.14391238770926718e-01 7.88149801006841400e-01 -9.76482740835672658e+00 
7.22092506540726903e-10 -8.55287679479410710e-04 5.15627862243220238e-04 1.34687860738831790e-02 -6.85488088177810782e-03 -2.81946180118524611e-02 -8.92572284721008136e-01 -6.31728773067482585e+00 
5.56211564887049240e-10 2.50359952023202642e-04 -6.74984604336768671e-04 -1.59663481153342439e-02 -5.17410662236917392e-03 -3.43070364907798048e-02 -9.15582396771324136e-01 -1.37151323642756058e+01 
-6.12631482947538354e-14 1.00488716335213068e-06 -2.22980836590747635e-06 1.96250949637744986e-03 -5.67302034376373100e-03 2.27241905294874869e-01 4.87502285339864838e-01 -5.72885090192588020e+00 
6.53049318912705214e-07 1.97800614564632376e-04 -2.95590562893907030e-04 1.49617147542174603e-02 -2.01260231399917307e-03 -3.89598624382287567e-02 5.48595435311990176e-01 -3.96664011759418900e+00 
1.24189721606085306e-09 -6.53597758620864488e-04 -1.15231965103990467e-04 -9.03744105857949738e-03 1.03149701010335163e-02 -1.93891912243187164e-02 1.19924958422631556e+00 -9.64080633481859905e+00 
-1.59675045261313659e-09 4.51333764263148044e-04 5.17172360837055210e-04 1.06771640906729720e-02 1.33463919124647192e-02 3.87749468679077502e-02 -8.92737069350995949e-01 -8.06785782996611900e+00 
-3.27708799142538862e-07 -9.66743223686130352e-05 -1.11308115280267777e-03 2.16285834835593729e-02 2.55086200991545050e-03 8.09078937002223500e-04 -2.06733298467428085e-02 -4.17080636556013684e-03 
-3.27956168030817708e-07 4.84221435429814178e-04 5.20692400693929976e-04 8.09696769542539788e-03 -6.60636690755684024e-03 -7.87706282066412411e-02 1.11842907031376471e+00 -7.92888021448231939e+00 
7.22536343797243280e-14 1.43808698186735426e-06 -1.20054713538728093e-05 -2.54328535133346932e-04 -6.17901399715951524e-02 9.96830512299410609e-02 -1.00152198105798473e+00 -5.19404073135914768e+00 
5.56553442711242152e-14 -4.20957060909200568e-07 1.57158077075513935e-05 3.01489525880582569e-04 -4.66395810427589000e-02 1.21293719057311969e-01 -1.02734076727786161e+00 -1.12765096625446741e+01 
-6.13008039516376813e-18 -1.68962465207252029e-09 5.19170945205844223e-08 -3.70576949296706399e-05 -5.11368070646825018e-02 -8.03421648684011336e-01 5.47008083201336648e-01 -4.71023106704497430e+00 
6.53450718477789516e-11 -3.32583405134398024e-07 6.88229689501151585e-06 -2.82519224498012800e-04 -1.81416688099921217e-02 1.37743946795406441e-01 6.15558422077566281e-01 -3.26135063270683290e+00 
1.24266055351174616e-13 1.09896406858386582e-06 2.68296994287301780e-06 1.70652286937676072e-04 9.29795072063093753e-02 6.85511589945423661e-02 1.34563310998696850e+00 -7.92662023973443652e+00 
-1.59773190212799764e-13 -7.58875903905321299e-07 -1.20414322376460697e-05 -2.01614866229464485e-04 1.20304851187004930e-01 -1.37090171374091158e-01 -1.00170687972882444e+00 -6.63335025570894565e+00 
-3.27910226761618403e-11 1.62548915195144153e-07 2.59161012680206048e-05 -4.08408443359961507e-04 2.29935608450741145e-02 -2.86052668251630905e-03 -2.31967702981576776e-02 -3.42921504748640565e-03 
-3.28157747696245514e-11 -8.14173475591966230e-07 -1.21233900618069887e-05 -1.52893506638483609e-04 -5.95500261728494074e-02 2.78496291868057688e-01 1.25494743377966511e+00 -6.51908359154151995e+00 
-5.06136554458442402e-11 4.75289239102414838e-04 -1.31787753328420983e-03 1.34317529674456548e-02 6.46072109226810687e-02 -4.17678618526111725e-03 -1.21292402447645742e+00 -4.12772694077993929e+00 
-3.89865567710321370e-11 -1.39126745250502093e-04 1.72517257213025124e-03 -1.59224478361308860e-02 4.87659236758516967e-02 -5.08228754905281927e-03 -1.24419266029394460e+00 -8.96149166698408983e+00 
4.29412000710665743e-15 -5.58422700002094071e-07 5.69909922278890290e-06 1.95711347756288671e-03 5.34681824876775819e-02 3.36639017541946611e-02 6.62470977418622375e-01 -3.74324127944460017e+00 
-4.57742088682465403e-08 -1.09919160355071278e-04 7.55490908101786522e-04 1.49205767650964355e-02 1.89687646578465506e-02 -5.77156303884876747e-03 7.45490975463146022e-01 -2.59180964613480080e+00 
-8.70483452237735977e-11 3.63208764521239294e-04 2.94517866559946303e-04 -9.01259215870022813e-03 -9.72185309229992439e-02 -2.87233918243106614e-03 1.62967039975497974e+00 -6.29931985618481427e+00 
1.11921085608162224e-10 -2.50809273352831314e-04 -1.32182507015343362e-03 1.06478066896383283e-02 -1.25789663192762191e-01 5.74416941361037027e-03 -1.21314795170341494e+00 -5.27155252996148516e+00 
2.29701043787750948e-08 5.37225850690226873e-05 2.84489018420964026e-03 2.15691146027080609e-02 -2.40418590419783744e-02 1.19857971668068883e-04 -2.80931627233735083e-02 -2.72521223250662276e-03 
2.29874432149573859e-08 -2.69085178150348602e-04 -1.33082183270900704e-03 8.07470467447896426e-03 6.22649682161116186e-02 -1.16691799675927646e-02 1.51984272005539367e+00 -5.18074431098290233e+00 
1.07813316896871890e-11 -1.46596275515473043e-04 5.94297021603827917e-04 -2.02618222453369648e-02 7.53981152569691837e-02 -9.44782555677874830e-04 -1.26675510501401645e+00 -3.34774111882338765e+00 
8.30461653648115363e-12 4.29116861909824155e-05 -7.77966765101926528e-04 2.40190397000494514e-02 5.69109652222059767e-02 -1.14960555946767569e-03 -1.29941148187630429e+00 -7.26810532042778501e+00 
-9.14700424304960073e-16 1.72237621323384618e-07 -2.57000943440297178e-06 -2.95230901673392649e-03 6.23986104370171518e-02 7.61472235415100451e-03 6.91872265396746289e-01 -3.03590884975204522e+00 
9.75046999262147504e-09 3.39030177629780498e-05 -3.40688709833887051e-04 -2.25077154817403743e-02 2.21369887900941288e-02 -1.30551860598978838e-03 7.78576794467763400e-01 -2.10205467779540012e+00 
1.85423691418628472e-11 -1.12026630802632108e-04 -1.32812864993232235e-04 1.35955106330420700e-02 -1.13456282897242508e-01 -6.49718667220038093e-04 1.70199720404657806e+00 -5.10898429225694795e+00 
-2.38405690397639072e-11 7.73585899140135665e-05 5.96077163798227889e-04 -1.60622345401272015e-02 -1.46799457647128512e-01 1.29932221045646118e-03 -1.26698897041050951e+00 -4.27542650417058567e+00 
-4.89291500629291522e-09 -1.65699751525089264e-05 -1.28290354798934157e-03 -3.25370461419737869e-02 -2.80574077281909133e-02 2.71116872562259498e-05 -2.93399723129266800e-02 -2.21024917083275946e-03 
-4.89660839184959423e-09 8.29955354927753262e-05 6.00134254882806807e-04 -1.21807057644984350e-02 7.26646636340370772e-02 -2.63955040632708835e-03 1.58729523498355585e+00 -4.20177763810865645e+00 
